model_params:29921408 layers:16 dim:512 heads:8 kv_heads:4
bitnet:True group_size:64 ternary_threshold_warmup:0
train_batch_tokens:524288 seq_len:1024 iterations:500
world_size:1 grad_accum_steps:8
warmup_step:1/5
warmup_step:2/5
warmup_step:3/5
warmup_step:4/5
warmup_step:5/5
step:0/500 val_loss:6.9350 val_bpb:4.1748 train_time:0ms zero_frac:0.000 churn:0.0000
step:50/500 train_loss:4.6146 train_time:65645ms step_avg:1312.90ms
step:100/500 train_loss:3.8858 train_time:130963ms step_avg:1309.63ms
step:150/500 train_loss:3.6328 train_time:196307ms step_avg:1308.71ms
step:200/500 train_loss:3.4459 train_time:261678ms step_avg:1308.39ms
step:250/500 train_loss:3.3364 train_time:327089ms step_avg:1308.36ms
step:250/500 val_loss:3.3459 val_bpb:2.0142 train_time:327090ms zero_frac:0.000 churn:0.4485
step:300/500 train_loss:3.2963 train_time:392539ms step_avg:1308.46ms
step:350/500 train_loss:3.1836 train_time:457967ms step_avg:1308.48ms
step:400/500 train_loss:3.0911 train_time:523417ms step_avg:1308.54ms
step:450/500 train_loss:2.9697 train_time:588878ms step_avg:1308.62ms
step:500/500 train_loss:2.8827 train_time:654662ms step_avg:1309.32ms
step:500/500 val_loss:2.8440 val_bpb:1.7121 train_time:654662ms zero_frac:0.000 churn:0.1480
serialized_model_int8_zlib:23933347 bytes (payload_ratio:3.94x)
code_bytes:40344 total_submission:23973691 (23.97MB)
final_int8_zlib_roundtrip val_loss:2.8765 val_bpb:1.7316
final_int8_zlib_roundtrip_exact val_loss:2.87652099 val_bpb:1.73162732
