model_params:30445696 layers:16 dim:512 heads:8 kv_heads:4
bitnet:True group_size:64 ternary_threshold_warmup:0
train_batch_tokens:524288 seq_len:1024 iterations:100
world_size:1 grad_accum_steps:8
warmup_step:1/2
warmup_step:2/2
step:0/100 val_loss:6.9353 val_bpb:4.1749 train_time:0ms zero_frac:0.175 churn:0.0000
step:25/100 train_loss:5.3880 train_time:33260ms step_avg:1330.38ms
step:50/100 train_loss:4.5859 train_time:67319ms step_avg:1346.39ms
step:75/100 train_loss:4.2626 train_time:100942ms step_avg:1345.90ms
step:100/100 train_loss:3.8853 train_time:134601ms step_avg:1346.01ms
step:100/100 val_loss:3.8823 val_bpb:2.3371 train_time:134601ms zero_frac:0.227 churn:0.7561
ternary_artifact:7332652 bytes (lzma) = 7.33MB
  lzma: 7332652 bytes = 7.33MB
  zlib: 8480339 bytes = 8.48MB
  ternary_params:29360128 (6789568 bytes)
  fp16_params:1085568 (2171136 bytes)
code_bytes:49617 total_submission:7382269 (7.38MB)
int8_zlib_artifact:21782420 bytes = 21.78MB (for comparison)
final_ternary_roundtrip val_loss:3.9524 val_bpb:2.3793
final_ternary_roundtrip_exact val_loss:3.95237060 val_bpb:2.37927446

