model_params:17584200 layers:9 dim:512 heads:8 kv_heads:4
bitnet:True group_size:64 ternary_threshold_warmup:0
train_batch_tokens:524288 seq_len:1024 iterations:100
world_size:1 grad_accum_steps:8
warmup_step:1/2
warmup_step:2/2
step:0/100 val_loss:6.9350 val_bpb:4.1748 train_time:0ms zero_frac:0.174 churn:0.0000
step:25/100 train_loss:5.6180 train_time:18357ms step_avg:734.30ms
step:50/100 train_loss:4.7061 train_time:36801ms step_avg:736.01ms
step:75/100 train_loss:4.3510 train_time:55303ms step_avg:737.37ms
step:100/100 train_loss:3.9956 train_time:73840ms step_avg:738.40ms
step:100/100 val_loss:3.9836 val_bpb:2.3981 train_time:73840ms zero_frac:0.226 churn:0.7624
ternary_artifact:4453308 bytes (lzma) = 4.45MB
  lzma: 4453308 bytes = 4.45MB
  zlib: 5132331 bytes = 5.13MB
  ternary_params:16515072 (3819132 bytes)
  fp16_params:1069128 (2138256 bytes)
code_bytes:49710 total_submission:4503018 (4.50MB)
int8_zlib_artifact:12536107 bytes = 12.54MB (for comparison)
final_ternary_roundtrip val_loss:4.0595 val_bpb:2.4438
final_ternary_roundtrip_exact val_loss:4.05954791 val_bpb:2.44379377
